[101]
name = 西凉势力
generals = 1004;1005;1006;1007;1008;1009;1010;1011;1012;1013;1014;1017;6001;6002;6003;7001;7002;7003;7004;8001;8002;8003

[102]
name = 河北势力
generals = 2001;2002;2003;2004;2005;2006;2007;2008;2009;2010;2011;2012;2013;2014;2015;2016;2017;2018;2019;2020

[103]
name = 孙吴势力
generals = 1018;1019;4001;4002;4003;4004;4005;4006;4007;4008;4009;4010;4011;4012;4013;4014;4015;4016;4017;4018;4019;4020;9057

[104]
name = 蜀汉势力
generals = 5001;5002;5003;5004;5005;5006;5007;5008;5009;5010;5011;5012;5013;5014;5015;5016;5017;5018;5019;5020

[105]
name = 朝廷势力
generals = 1001;1002;1003;1015;1016;1018;1020;9058

[106]
name = 青州势力
generals = 1020;4013;6005;6006;7005;7006;7007;7008;9053

[107]
name = 兖州势力
generals = 6005;6006;7005;7006;7007;7008;7016;7017;9005;9055

[108]
name = 徐州势力
generals = 5001;5002;5003;5009;5010;5016;5017;5018;6002;7022;8013;8020;9001;9005;9059

[109]
name = 荆州势力
generals = 7023;8014;8015;8016;8018;8021;8022;8023;9002;9004;9054;9060

[110]
name = 淮南势力
generals = 6009;6010;7013;7014;7015;7018;7019;7020;7021;8012;8019;9003;9056

[111]
name = 豫州势力
generals = 1008;1013;1014;1015;8005;8006;8007

[112]
name = 幽州势力
generals = 2008;6007;6008;7009;7010;7011;7012;8004;8008;8009;8010;8011;8017

[113]
name = 蛮夷势力
generals = 2013;5013;6002;6004;6005;6006;6007;7010;7012;8008;8009;8010;8011;8017;9051;9052

